1                     Mesh Direction
2                     Span Direction x: 1 y: 2 z: 3
20                    Span strips
20                    Chord strips
1                     0: Chord equally divided    1: Chord division given
0.000  0.025  0.050  0.075  0.100  0.125  0.150  0.205  0.265  0.330  0.400  0.475  0.550  0.630  0.7433  0.770  0.800  0.850  0.900  0.950  1.000   
1                     0: Span equally divided     1: Span division given
0.000  0.100  0.120  0.180  0.240  0.300  0.360  0.420  0.480  0.530  0.590  0.600  0.6195  0.650  0.700  0.750  0.800  0.850  0.900  0.950  1.000 
4                     Leading Edge Definition
6.69000   0.00000   1.30200   2.228   3.000
6.69000   1.02500   1.30200   2.228   3.000
6.69000   6.15000   1.48097   2.228   3.000
6.82390  10.25000   1.62414   1.337   1.000
