     315
       1      6.6900      0.0000      1.3020
       2      6.6900      1.0250      1.3020
       3      6.6900      1.2300      1.3092
       4      6.6900      1.8450      1.3306
       5      6.6900      2.4600      1.3521
       6      6.6900      3.0750      1.3736
       7      6.6900      3.6900      1.3951
       8      6.6900      4.3050      1.4165
       9      6.6900      4.9200      1.4380
      10      6.6900      5.4325      1.4559
      11      6.6900      6.0475      1.4774
      12      6.6900      6.1500      1.4810
      13      6.6965      6.3499      1.4879
      14      6.7067      6.6625      1.4989
      15      6.7235      7.1750      1.5168
      16      6.7402      7.6875      1.5347
      17      6.7570      8.2000      1.5526
      18      6.7737      8.7125      1.5705
      19      6.7904      9.2250      1.5883
      20      6.8072      9.7375      1.6062
      21      6.8239     10.2500      1.6241
      22      6.8794      0.0000      1.2921
      23      6.8794      1.0250      1.2921
      24      6.8794      1.2300      1.2992
      25      6.8794      1.8450      1.3207
      26      6.8794      2.4600      1.3422
      27      6.8794      3.0750      1.3637
      28      6.8794      3.6900      1.3851
      29      6.8794      4.3050      1.4066
      30      6.8794      4.9200      1.4281
      31      6.8794      5.4325      1.4460
      32      6.8794      6.0475      1.4675
      33      6.8794      6.1500      1.4710
      34      6.8822      6.3499      1.4784
      35      6.8867      6.6625      1.4899
      36      6.8939      7.1750      1.5088
      37      6.9012      7.6875      1.5277
      38      6.9085      8.2000      1.5466
      39      6.9157      8.7125      1.5655
      40      6.9230      9.2250      1.5844
      41      6.9303      9.7375      1.6033
      42      6.9375     10.2500      1.6222
      43      7.0576      0.0000      1.2827
      44      7.0576      1.0250      1.2827
      45      7.0576      1.2300      1.2899
      46      7.0576      1.8450      1.3114
      47      7.0576      2.4600      1.3328
      48      7.0576      3.0750      1.3543
      49      7.0576      3.6900      1.3758
      50      7.0576      4.3050      1.3973
      51      7.0576      4.9200      1.4188
      52      7.0576      5.4325      1.4366
      53      7.0576      6.0475      1.4581
      54      7.0576      6.1500      1.4617
      55      7.0570      6.3499      1.4694
      56      7.0560      6.6625      1.4815
      57      7.0543      7.1750      1.5014
      58      7.0527      7.6875      1.5212
      59      7.0511      8.2000      1.5410
      60      7.0494      8.7125      1.5608
      61      7.0478      9.2250      1.5806
      62      7.0461      9.7375      1.6005
      63      7.0445     10.2500      1.6203
      64      7.2381      0.0000      1.2733
      65      7.2381      1.0250      1.2733
      66      7.2381      1.2300      1.2804
      67      7.2381      1.8450      1.3019
      68      7.2381      2.4600      1.3234
      69      7.2381      3.0750      1.3449
      70      7.2381      3.6900      1.3663
      71      7.2381      4.3050      1.3878
      72      7.2381      4.9200      1.4093
      73      7.2381      5.4325      1.4272
      74      7.2381      6.0475      1.4487
      75      7.2381      6.1500      1.4522
      76      7.2339      6.3499      1.4603
      77      7.2274      6.6625      1.4730
      78      7.2168      7.1750      1.4938
      79      7.2061      7.6875      1.5146
      80      7.1954      8.2000      1.5353
      81      7.1848      8.7125      1.5561
      82      7.1741      9.2250      1.5769
      83      7.1635      9.7375      1.5976
      84      7.1528     10.2500      1.6184
      85      7.4163      0.0000      1.2639
      86      7.4163      1.0250      1.2639
      87      7.4163      1.2300      1.2711
      88      7.4163      1.8450      1.2926
      89      7.4163      2.4600      1.3140
      90      7.4163      3.0750      1.3355
      91      7.4163      3.6900      1.3570
      92      7.4163      4.3050      1.3785
      93      7.4163      4.9200      1.4000
      94      7.4163      5.4325      1.4178
      95      7.4163      6.0475      1.4393
      96      7.4163      6.1500      1.4429
      97      7.4087      6.3499      1.4514
      98      7.3968      6.6625      1.4646
      99      7.3772      7.1750      1.4863
     100      7.3576      7.6875      1.5080
     101      7.3380      8.2000      1.5297
     102      7.3185      8.7125      1.5514
     103      7.2989      9.2250      1.5731
     104      7.2793      9.7375      1.5948
     105      7.2598     10.2500      1.6165
     106      7.5946      0.0000      1.2546
     107      7.5946      1.0250      1.2546
     108      7.5946      1.2300      1.2618
     109      7.5946      1.8450      1.2832
     110      7.5946      2.4600      1.3047
     111      7.5946      3.0750      1.3262
     112      7.5946      3.6900      1.3477
     113      7.5946      4.3050      1.3691
     114      7.5946      4.9200      1.3906
     115      7.5946      5.4325      1.4085
     116      7.5946      6.0475      1.4300
     117      7.5946      6.1500      1.4336
     118      7.5835      6.3499      1.4424
     119      7.5661      6.6625      1.4562
     120      7.5376      7.1750      1.4788
     121      7.5091      7.6875      1.5015
     122      7.4806      8.2000      1.5241
     123      7.4522      8.7125      1.5468
     124      7.4237      9.2250      1.5694
     125      7.3952      9.7375      1.5920
     126      7.3667     10.2500      1.6147
     127      7.7728      0.0000      1.2453
     128      7.7728      1.0250      1.2453
     129      7.7728      1.2300      1.2524
     130      7.7728      1.8450      1.2739
     131      7.7728      2.4600      1.2954
     132      7.7728      3.0750      1.3168
     133      7.7728      3.6900      1.3383
     134      7.7728      4.3050      1.3598
     135      7.7728      4.9200      1.3813
     136      7.7728      5.4325      1.3992
     137      7.7728      6.0475      1.4206
     138      7.7728      6.1500      1.4242
     139      7.7582      6.3499      1.4334
     140      7.7354      6.6625      1.4478
     141      7.6980      7.1750      1.4714
     142      7.6606      7.6875      1.4949
     143      7.6232      8.2000      1.5185
     144      7.5859      8.7125      1.5421
     145      7.5485      9.2250      1.5657
     146      7.5111      9.7375      1.5892
     147      7.4737     10.2500      1.6128
     148      7.9510      0.0000      1.2359
     149      7.9510      1.0250      1.2359
     150      7.9510      1.2300      1.2431
     151      7.9510      1.8450      1.2645
     152      7.9510      2.4600      1.2860
     153      7.9510      3.0750      1.3075
     154      7.9510      3.6900      1.3290
     155      7.9510      4.3050      1.3505
     156      7.9510      4.9200      1.3719
     157      7.9510      5.4325      1.3898
     158      7.9510      6.0475      1.4113
     159      7.9510      6.1500      1.4149
     160      7.9330      6.3499      1.4244
     161      7.9047      6.6625      1.4394
     162      7.8584      7.1750      1.4639
     163      7.8121      7.6875      1.4884
     164      7.7658      8.2000      1.5129
     165      7.7195      8.7125      1.5374
     166      7.6732      9.2250      1.5619
     167      7.6269      9.7375      1.5864
     168      7.5806     10.2500      1.6109
     169      8.1493      0.0000      1.2255
     170      8.1493      1.0250      1.2255
     171      8.1493      1.2300      1.2327
     172      8.1493      1.8450      1.2542
     173      8.1493      2.4600      1.2756
     174      8.1493      3.0750      1.2971
     175      8.1493      3.6900      1.3186
     176      8.1493      4.3050      1.3401
     177      8.1493      4.9200      1.3615
     178      8.1493      5.4325      1.3794
     179      8.1493      6.0475      1.4009
     180      8.1493      6.1500      1.4045
     181      8.1274      6.3499      1.4145
     182      8.0931      6.6625      1.4300
     183      8.0369      7.1750      1.4556
     184      7.9807      7.6875      1.4811
     185      7.9245      8.2000      1.5067
     186      7.8683      8.7125      1.5322
     187      7.8121      9.2250      1.5578
     188      7.7558      9.7375      1.5833
     189      7.6996     10.2500      1.6089
     190      8.3461      0.0000      1.2152
     191      8.3461      1.0250      1.2152
     192      8.3461      1.2300      1.2224
     193      8.3461      1.8450      1.2438
     194      8.3461      2.4600      1.2653
     195      8.3461      3.0750      1.2868
     196      8.3461      3.6900      1.3083
     197      8.3461      4.3050      1.3297
     198      8.3461      4.9200      1.3512
     199      8.3461      5.4325      1.3691
     200      8.3461      6.0475      1.3906
     201      8.3461      6.1500      1.3942
     202      8.3203      6.3499      1.4045
     203      8.2800      6.6625      1.4208
     204      8.2140      7.1750      1.4473
     205      8.1479      7.6875      1.4739
     206      8.0819      8.2000      1.5005
     207      8.0158      8.7125      1.5271
     208      7.9498      9.2250      1.5536
     209      7.8837      9.7375      1.5802
     210      7.8177     10.2500      1.6068
     211      8.4056      0.0000      1.2121
     212      8.4056      1.0250      1.2121
     213      8.4056      1.2300      1.2193
     214      8.4056      1.8450      1.2407
     215      8.4056      2.4600      1.2622
     216      8.4056      3.0750      1.2837
     217      8.4056      3.6900      1.3052
     218      8.4056      4.3050      1.3266
     219      8.4056      4.9200      1.3481
     220      8.4056      5.4325      1.3660
     221      8.4056      6.0475      1.3875
     222      8.4056      6.1500      1.3911
     223      8.3786      6.3499      1.4015
     224      8.3365      6.6625      1.4179
     225      8.2675      7.1750      1.4448
     226      8.1985      7.6875      1.4717
     227      8.1295      8.2000      1.4986
     228      8.0605      8.7125      1.5255
     229      7.9914      9.2250      1.5524
     230      7.9224      9.7375      1.5793
     231      7.8534     10.2500      1.6062
     232      8.5615      0.0000      1.2039
     233      8.5615      1.0250      1.2039
     234      8.5615      1.2300      1.2111
     235      8.5615      1.8450      1.2326
     236      8.5615      2.4600      1.2540
     237      8.5615      3.0750      1.2755
     238      8.5615      3.6900      1.2970
     239      8.5615      4.3050      1.3185
     240      8.5615      4.9200      1.3399
     241      8.5615      5.4325      1.3578
     242      8.5615      6.0475      1.3793
     243      8.5615      6.1500      1.3829
     244      8.5316      6.3499      1.3937
     245      8.4847      6.6625      1.4106
     246      8.4079      7.1750      1.4383
     247      8.3311      7.6875      1.4660
     248      8.2543      8.2000      1.4937
     249      8.1774      8.7125      1.5214
     250      8.1006      9.2250      1.5491
     251      8.0238      9.7375      1.5768
     252      7.9470     10.2500      1.6045
     253      8.6952      0.0000      1.1969
     254      8.6952      1.0250      1.1969
     255      8.6952      1.2300      1.2041
     256      8.6952      1.8450      1.2255
     257      8.6952      2.4600      1.2470
     258      8.6952      3.0750      1.2685
     259      8.6952      3.6900      1.2900
     260      8.6952      4.3050      1.3115
     261      8.6952      4.9200      1.3329
     262      8.6952      5.4325      1.3508
     263      8.6952      6.0475      1.3723
     264      8.6952      6.1500      1.3759
     265      8.6626      6.3499      1.3870
     266      8.6117      6.6625      1.4043
     267      8.5282      7.1750      1.4327
     268      8.4447      7.6875      1.4611
     269      8.3612      8.2000      1.4895
     270      8.2777      8.7125      1.5179
     271      8.1942      9.2250      1.5463
     272      8.1107      9.7375      1.5747
     273      8.0272     10.2500      1.6031
     274      8.8066      0.0000      1.1911
     275      8.8066      1.0250      1.1911
     276      8.8066      1.2300      1.1982
     277      8.8066      1.8450      1.2197
     278      8.8066      2.4600      1.2412
     279      8.8066      3.0750      1.2627
     280      8.8066      3.6900      1.2841
     281      8.8066      4.3050      1.3056
     282      8.8066      4.9200      1.3271
     283      8.8066      5.4325      1.3450
     284      8.8066      6.0475      1.3665
     285      8.8066      6.1500      1.3700
     286      8.7719      6.3499      1.3814
     287      8.7175      6.6625      1.3990
     288      8.6285      7.1750      1.4280
     289      8.5394      7.6875      1.4570
     290      8.4503      8.2000      1.4860
     291      8.3613      8.7125      1.5150
     292      8.2722      9.2250      1.5440
     293      8.1831      9.7375      1.5730
     294      8.0940     10.2500      1.6020
     295      8.9180      0.0000      1.1852
     296      8.9180      1.0250      1.1852
     297      8.9180      1.2300      1.1924
     298      8.9180      1.8450      1.2139
     299      8.9180      2.4600      1.2353
     300      8.9180      3.0750      1.2568
     301      8.9180      3.6900      1.2783
     302      8.9180      4.3050      1.2998
     303      8.9180      4.9200      1.3213
     304      8.9180      5.4325      1.3391
     305      8.9180      6.0475      1.3606
     306      8.9180      6.1500      1.3642
     307      8.8811      6.3499      1.3757
     308      8.8234      6.6625      1.3938
     309      8.7287      7.1750      1.4234
     310      8.6341      7.6875      1.4529
     311      8.5395      8.2000      1.4825
     312      8.4448      8.7125      1.5121
     313      8.3502      9.2250      1.5417
     314      8.2555      9.7375      1.5712
     315      8.1609     10.2500      1.6008
