       1      6.7847      0.5125      1.2970  0.19411450  0.00000000  0.01017311
       2      6.7847      1.1275      1.3006  0.03882290 -0.00135573  0.00203462
       3      6.7847      1.5375      1.3149  0.11646870 -0.00406720  0.00610387
       4      6.7847      2.1525      1.3364  0.11646870 -0.00406720  0.00610387
       5      6.7847      2.7675      1.3579  0.11646870 -0.00406720  0.00610387
       6      6.7847      3.3825      1.3794  0.11646870 -0.00406720  0.00610387
       7      6.7847      3.9975      1.4008  0.11646870 -0.00406720  0.00610387
       8      6.7847      4.6125      1.4223  0.11646870 -0.00406720  0.00610387
       9      6.7847      5.1763      1.4420  0.09705725 -0.00338933  0.00508655
      10      6.7847      5.7400      1.4617  0.11646870 -0.00406720  0.00610387
      11      6.7847      6.0987      1.4742  0.01941145 -0.00067787  0.00101731
      12      6.7870      6.2499      1.4796  0.03748335 -0.00139076  0.00194507
      13      6.7930      6.5062      1.4888  0.05714801 -0.00211855  0.00288712
      14      6.8027      6.9188      1.5036  0.08977959 -0.00332327  0.00432345
      15      6.8147      7.4313      1.5220  0.08492782 -0.00313724  0.00381471
      16      6.8267      7.9438      1.5404  0.08007604 -0.00295120  0.00330597
      17      6.8387      8.4563      1.5588  0.07522427 -0.00276516  0.00279723
      18      6.8507      8.9688      1.5772  0.07037250 -0.00257913  0.00228849
      19      6.8627      9.4812      1.5956  0.06552072 -0.00239309  0.00177975
      20      6.8747      9.9937      1.6140  0.06066895 -0.00220706  0.00127101
      21      6.9685      0.5125      1.2874  0.18269600  0.00000000  0.00957469
      22      6.9685      1.1275      1.2910  0.03653920 -0.00127598  0.00191494
      23      6.9685      1.5375      1.3053  0.10961760 -0.00382795  0.00574481
      24      6.9685      2.1525      1.3268  0.10961760 -0.00382795  0.00574481
      25      6.9685      2.7675      1.3483  0.10961760 -0.00382795  0.00574481
      26      6.9685      3.3825      1.3697  0.10961760 -0.00382795  0.00574481
      27      6.9685      3.9975      1.3912  0.10961760 -0.00382795  0.00574481
      28      6.9685      4.6125      1.4127  0.10961760 -0.00382795  0.00574481
      29      6.9685      5.1763      1.4324  0.09134800 -0.00318996  0.00478735
      30      6.9685      5.7400      1.4521  0.10961760 -0.00382795  0.00574481
      31      6.9685      6.0987      1.4646  0.01826960 -0.00063799  0.00095747
      32      6.9690      6.2499      1.4701  0.03527845 -0.00134245  0.00183065
      33      6.9705      6.5062      1.4798  0.05378637 -0.00204633  0.00271729
      34      6.9727      6.9188      1.4954  0.08449844 -0.00321368  0.00406912
      35      6.9755      7.4313      1.5148  0.07993206 -0.00303859  0.00359031
      36      6.9784      7.9438      1.5341  0.07536569 -0.00286350  0.00311150
      37      6.9812      8.4563      1.5535  0.07079931 -0.00268841  0.00263268
      38      6.9840      8.9688      1.5728  0.06623294 -0.00251331  0.00215387
      39      6.9868      9.4812      1.5922  0.06166656 -0.00233822  0.00167506
      40      6.9896      9.9937      1.6115  0.05710019 -0.00216313  0.00119624
      41      7.1479      0.5125      1.2780  0.18497970  0.00000000  0.00969438
      42      7.1479      1.1275      1.2816  0.03699594 -0.00129193  0.00193888
      43      7.1479      1.5375      1.2959  0.11098782 -0.00387580  0.00581663
      44      7.1479      2.1525      1.3174  0.11098782 -0.00387580  0.00581663
      45      7.1479      2.7675      1.3389  0.11098782 -0.00387580  0.00581663
      46      7.1479      3.3825      1.3603  0.11098782 -0.00387580  0.00581663
      47      7.1479      3.9975      1.3818  0.11098782 -0.00387580  0.00581663
      48      7.1479      4.6125      1.4033  0.11098782 -0.00387580  0.00581663
      49      7.1479      5.1763      1.4230  0.09248985 -0.00322984  0.00484719
      50      7.1479      5.7400      1.4427  0.11098782 -0.00387580  0.00581663
      51      7.1479      6.0987      1.4552  0.01849797 -0.00064597  0.00096944
      52      7.1467      6.2499      1.4609  0.03571943 -0.00139233  0.00185353
      53      7.1436      6.5062      1.4711  0.05445869 -0.00212367  0.00275125
      54      7.1386      6.9188      1.4874  0.08555467 -0.00333872  0.00411999
      55      7.1325      7.4313      1.5077  0.08093121 -0.00316144  0.00363519
      56      7.1263      7.9438      1.5280  0.07630776 -0.00298415  0.00315039
      57      7.1202      8.4563      1.5483  0.07168430 -0.00280687  0.00266559
      58      7.1140      8.9688      1.5686  0.06706085 -0.00262959  0.00218079
      59      7.1079      9.4812      1.5889  0.06243739 -0.00245231  0.00169599
      60      7.1017      9.9937      1.6092  0.05781394 -0.00227503  0.00121119
      61      7.3272      0.5125      1.2686  0.18269600  0.00000000  0.00957469
      62      7.3272      1.1275      1.2722  0.03653920 -0.00127598  0.00191494
      63      7.3272      1.5375      1.2865  0.10961760 -0.00382795  0.00574481
      64      7.3272      2.1525      1.3080  0.10961760 -0.00382795  0.00574481
      65      7.3272      2.7675      1.3295  0.10961760 -0.00382795  0.00574481
      66      7.3272      3.3825      1.3509  0.10961760 -0.00382795  0.00574481
      67      7.3272      3.9975      1.3724  0.10961760 -0.00382795  0.00574481
      68      7.3272      4.6125      1.3939  0.10961760 -0.00382795  0.00574481
      69      7.3272      5.1763      1.4136  0.09134800 -0.00318996  0.00478735
      70      7.3272      5.7400      1.4333  0.10961760 -0.00382795  0.00574481
      71      7.3272      6.0987      1.4458  0.01826960 -0.00063799  0.00095747
      72      7.3243      6.2499      1.4517  0.03527845 -0.00140783  0.00183065
      73      7.3167      6.5062      1.4623  0.05378637 -0.00214858  0.00271729
      74      7.3045      6.9188      1.4794  0.08449844 -0.00338131  0.00406912
      75      7.2894      7.4313      1.5007  0.07993206 -0.00320622  0.00359031
      76      7.2743      7.9438      1.5219  0.07536569 -0.00303113  0.00311150
      77      7.2592      8.4563      1.5431  0.07079931 -0.00285604  0.00263268
      78      7.2441      8.9688      1.5644  0.06623294 -0.00268094  0.00215387
      79      7.2290      9.4812      1.5856  0.06166656 -0.00250585  0.00167506
      80      7.2138      9.9937      1.6068  0.05710019 -0.00233076  0.00119624
      81      7.5054      0.5125      1.2593  0.18269600  0.00000000  0.00957469
      82      7.5054      1.1275      1.2628  0.03653920 -0.00127598  0.00191494
      83      7.5054      1.5375      1.2772  0.10961760 -0.00382795  0.00574481
      84      7.5054      2.1525      1.2986  0.10961760 -0.00382795  0.00574481
      85      7.5054      2.7675      1.3201  0.10961760 -0.00382795  0.00574481
      86      7.5054      3.3825      1.3416  0.10961760 -0.00382795  0.00574481
      87      7.5054      3.9975      1.3631  0.10961760 -0.00382795  0.00574481
      88      7.5054      4.6125      1.3845  0.10961760 -0.00382795  0.00574481
      89      7.5054      5.1763      1.4042  0.09134800 -0.00318996  0.00478735
      90      7.5054      5.7400      1.4239  0.10961760 -0.00382795  0.00574481
      91      7.5054      6.0987      1.4364  0.01826960 -0.00063799  0.00095747
      92      7.5008      6.2499      1.4426  0.03527845 -0.00144031  0.00183065
      93      7.4888      6.5062      1.4536  0.05378637 -0.00219939  0.00271729
      94      7.4694      6.9188      1.4715  0.08449844 -0.00346461  0.00406912
      95      7.4454      7.4313      1.4937  0.07993206 -0.00328952  0.00359031
      96      7.4214      7.9438      1.5158  0.07536569 -0.00311442  0.00311150
      97      7.3973      8.4563      1.5380  0.07079931 -0.00293933  0.00263268
      98      7.3733      8.9688      1.5602  0.06623294 -0.00276424  0.00215387
      99      7.3493      9.4812      1.5823  0.06166656 -0.00258914  0.00167506
     100      7.3253      9.9937      1.6045  0.05710019 -0.00241405  0.00119624
     101      7.6837      0.5125      1.2499  0.18269600  0.00000000  0.00957469
     102      7.6837      1.1275      1.2535  0.03653920 -0.00127598  0.00191494
     103      7.6837      1.5375      1.2678  0.10961760 -0.00382795  0.00574481
     104      7.6837      2.1525      1.2893  0.10961760 -0.00382795  0.00574481
     105      7.6837      2.7675      1.3108  0.10961760 -0.00382795  0.00574481
     106      7.6837      3.3825      1.3322  0.10961760 -0.00382795  0.00574481
     107      7.6837      3.9975      1.3537  0.10961760 -0.00382795  0.00574481
     108      7.6837      4.6125      1.3752  0.10961760 -0.00382795  0.00574481
     109      7.6837      5.1763      1.3949  0.09134800 -0.00318996  0.00478735
     110      7.6837      5.7400      1.4146  0.10961760 -0.00382795  0.00574481
     111      7.6837      6.0987      1.4271  0.01826960 -0.00063799  0.00095747
     112      7.6773      6.2499      1.4334  0.03527845 -0.00147280  0.00183065
     113      7.6608      6.5062      1.4450  0.05378637 -0.00225020  0.00271729
     114      7.6343      6.9188      1.4636  0.08449844 -0.00354790  0.00406912
     115      7.6013      7.4313      1.4867  0.07993206 -0.00337281  0.00359031
     116      7.5684      7.9438      1.5098  0.07536569 -0.00319772  0.00311150
     117      7.5355      8.4563      1.5329  0.07079931 -0.00302263  0.00263268
     118      7.5025      8.9688      1.5560  0.06623294 -0.00284753  0.00215387
     119      7.4696      9.4812      1.5791  0.06166656 -0.00267244  0.00167506
     120      7.4367      9.9937      1.6022  0.05710019 -0.00249735  0.00119624
     121      7.8619      0.5125      1.2406  0.18269600  0.00000000  0.00957469
     122      7.8619      1.1275      1.2442  0.03653920 -0.00127598  0.00191494
     123      7.8619      1.5375      1.2585  0.10961760 -0.00382795  0.00574481
     124      7.8619      2.1525      1.2800  0.10961760 -0.00382795  0.00574481
     125      7.8619      2.7675      1.3014  0.10961760 -0.00382795  0.00574481
     126      7.8619      3.3825      1.3229  0.10961760 -0.00382795  0.00574481
     127      7.8619      3.9975      1.3444  0.10961760 -0.00382795  0.00574481
     128      7.8619      4.6125      1.3659  0.10961760 -0.00382795  0.00574481
     129      7.8619      5.1763      1.3855  0.09134800 -0.00318996  0.00478735
     130      7.8619      5.7400      1.4052  0.10961760 -0.00382795  0.00574481
     131      7.8619      6.0987      1.4178  0.01826960 -0.00063799  0.00095747
     132      7.8538      6.2499      1.4242  0.03527845 -0.00150528  0.00183065
     133      7.8328      6.5062      1.4363  0.05378637 -0.00230101  0.00271729
     134      7.7992      6.9188      1.4556  0.08449844 -0.00363120  0.00406912
     135      7.7573      7.4313      1.4796  0.07993206 -0.00345611  0.00359031
     136      7.7155      7.9438      1.5037  0.07536569 -0.00328101  0.00311150
     137      7.6736      8.4563      1.5277  0.07079931 -0.00310592  0.00263268
     138      7.6318      8.9688      1.5518  0.06623294 -0.00293083  0.00215387
     139      7.5899      9.4812      1.5758  0.06166656 -0.00275573  0.00167506
     140      7.5481      9.9937      1.5998  0.05710019 -0.00258064  0.00119624
     141      8.0502      0.5125      1.2307  0.20324930  0.00000000  0.01065184
     142      8.0502      1.1275      1.2343  0.04064986 -0.00141953  0.00213037
     143      8.0502      1.5375      1.2486  0.12194958 -0.00425860  0.00639111
     144      8.0502      2.1525      1.2701  0.12194958 -0.00425860  0.00639111
     145      8.0502      2.7675      1.2916  0.12194958 -0.00425860  0.00639111
     146      8.0502      3.3825      1.3130  0.12194958 -0.00425860  0.00639111
     147      8.0502      3.9975      1.3345  0.12194958 -0.00425860  0.00639111
     148      8.0502      4.6125      1.3560  0.12194958 -0.00425860  0.00639111
     149      8.0502      5.1763      1.3757  0.10162465 -0.00354883  0.00532592
     150      8.0502      5.7400      1.3954  0.12194958 -0.00425860  0.00639111
     151      8.0502      6.0987      1.4079  0.02032493 -0.00070977  0.00106518
     152      8.0402      6.2499      1.4146  0.03924727 -0.00171280  0.00203660
     153      8.0146      6.5062      1.4271  0.05983733 -0.00261958  0.00302298
     154      7.9733      6.9188      1.4472  0.09400451 -0.00413759  0.00452690
     155      7.9221      7.4313      1.4723  0.08892442 -0.00394280  0.00399422
     156      7.8708      7.9438      1.4973  0.08384433 -0.00374800  0.00346154
     157      7.8195      8.4563      1.5223  0.07876424 -0.00355321  0.00292886
     158      7.7683      8.9688      1.5473  0.07368414 -0.00335842  0.00239618
     159      7.7170      9.4812      1.5724  0.06860405 -0.00316363  0.00186350
     160      7.6658      9.9937      1.5974  0.06352396 -0.00296884  0.00133082
     161      8.2477      0.5125      1.2204  0.20165071  0.00000000  0.01056807
     162      8.2477      1.1275      1.2239  0.04033014 -0.00140837  0.00211361
     163      8.2477      1.5375      1.2383  0.12099043 -0.00422510  0.00634084
     164      8.2477      2.1525      1.2597  0.12099043 -0.00422510  0.00634084
     165      8.2477      2.7675      1.2812  0.12099043 -0.00422510  0.00634084
     166      8.2477      3.3825      1.3027  0.12099043 -0.00422510  0.00634084
     167      8.2477      3.9975      1.3242  0.12099043 -0.00422510  0.00634084
     168      8.2477      4.6125      1.3456  0.12099043 -0.00422510  0.00634084
     169      8.2477      5.1763      1.3653  0.10082536 -0.00352092  0.00528403
     170      8.2477      5.7400      1.3850  0.12099043 -0.00422510  0.00634084
     171      8.2477      6.0987      1.3975  0.02016507 -0.00070418  0.00105681
     172      8.2358      6.2499      1.4044  0.03893859 -0.00173906  0.00202058
     173      8.2052      6.5062      1.4174  0.05936670 -0.00266112  0.00299921
     174      8.1560      6.9188      1.4384  0.09326515 -0.00420692  0.00449130
     175      8.0949      7.4313      1.4645  0.08822501 -0.00401366  0.00396281
     176      8.0338      7.9438      1.4905  0.08318488 -0.00382040  0.00343431
     177      7.9726      8.4563      1.5166  0.07814474 -0.00362714  0.00290582
     178      7.9115      8.9688      1.5427  0.07310460 -0.00343389  0.00237733
     179      7.8504      9.4812      1.5687  0.06806447 -0.00324063  0.00184884
     180      7.7892      9.9937      1.5948  0.06302433 -0.00304737  0.00132035
     181      8.3758      0.5125      1.2137  0.06097479  0.00000000  0.00319555
     182      8.3758      1.1275      1.2172  0.01219496 -0.00042586  0.00063911
     183      8.3758      1.5375      1.2315  0.03658487 -0.00127758  0.00191733
     184      8.3758      2.1525      1.2530  0.03658487 -0.00127758  0.00191733
     185      8.3758      2.7675      1.2745  0.03658487 -0.00127758  0.00191733
     186      8.3758      3.3825      1.2960  0.03658487 -0.00127758  0.00191733
     187      8.3758      3.9975      1.3175  0.03658487 -0.00127758  0.00191733
     188      8.3758      4.6125      1.3389  0.03658487 -0.00127758  0.00191733
     189      8.3758      5.1763      1.3586  0.03048740 -0.00106465  0.00159778
     190      8.3758      5.7400      1.3783  0.03658487 -0.00127758  0.00191733
     191      8.3758      6.0987      1.3908  0.00609748 -0.00021293  0.00031956
     192      8.3626      6.2499      1.3978  0.01177418 -0.00053365  0.00061098
     193      8.3289      6.5062      1.4112  0.01795120 -0.00081685  0.00090689
     194      8.2745      6.9188      1.4327  0.02820135 -0.00129206  0.00135807
     195      8.2070      7.4313      1.4595  0.02667733 -0.00123363  0.00119827
     196      8.1394      7.9438      1.4862  0.02515330 -0.00117519  0.00103846
     197      8.0719      8.4563      1.5129  0.02362927 -0.00111675  0.00087866
     198      8.0044      8.9688      1.5396  0.02210524 -0.00105831  0.00071885
     199      7.9368      9.4812      1.5664  0.02058122 -0.00099988  0.00055905
     200      7.8693      9.9937      1.5931  0.01905719 -0.00094144  0.00039925
     201      8.4835      0.5125      1.2080  0.15985900  0.00000000  0.00837786
     202      8.4835      1.1275      1.2116  0.03197180 -0.00111649  0.00167557
     203      8.4835      1.5375      1.2259  0.09591540 -0.00334946  0.00502671
     204      8.4835      2.1525      1.2474  0.09591540 -0.00334946  0.00502671
     205      8.4835      2.7675      1.2689  0.09591540 -0.00334946  0.00502671
     206      8.4835      3.3825      1.2903  0.09591540 -0.00334946  0.00502671
     207      8.4835      3.9975      1.3118  0.09591540 -0.00334946  0.00502671
     208      8.4835      4.6125      1.3333  0.09591540 -0.00334946  0.00502671
     209      8.4835      5.1763      1.3530  0.07992950 -0.00279122  0.00418893
     210      8.4835      5.7400      1.3727  0.09591540 -0.00334946  0.00502671
     211      8.4835      6.0987      1.3852  0.01598590 -0.00055824  0.00083779
     212      8.4693      6.2499      1.3923  0.03086864 -0.00141625  0.00160182
     213      8.4329      6.5062      1.4059  0.04706307 -0.00216843  0.00237763
     214      8.3742      6.9188      1.4279  0.07393613 -0.00343148  0.00356048
     215      8.3012      7.4313      1.4552  0.06994055 -0.00327827  0.00314152
     216      8.2283      7.9438      1.4825  0.06594498 -0.00312507  0.00272256
     217      8.1554      8.4563      1.5098  0.06194940 -0.00297186  0.00230360
     218      8.0825      8.9688      1.5371  0.05795382 -0.00281865  0.00188464
     219      8.0096      9.4812      1.5644  0.05395824 -0.00266545  0.00146567
     220      7.9366      9.9937      1.5917  0.04996266 -0.00251224  0.00104671
     221      8.6284      0.5125      1.2004  0.13702200  0.00000000  0.00718102
     222      8.6284      1.1275      1.2040  0.02740440 -0.00095699  0.00143620
     223      8.6284      1.5375      1.2183  0.08221320 -0.00287097  0.00430861
     224      8.6284      2.1525      1.2398  0.08221320 -0.00287097  0.00430861
     225      8.6284      2.7675      1.2613  0.08221320 -0.00287097  0.00430861
     226      8.6284      3.3825      1.2827  0.08221320 -0.00287097  0.00430861
     227      8.6284      3.9975      1.3042  0.08221320 -0.00287097  0.00430861
     228      8.6284      4.6125      1.3257  0.08221320 -0.00287097  0.00430861
     229      8.6284      5.1763      1.3454  0.06851100 -0.00239247  0.00359051
     230      8.6284      5.7400      1.3651  0.08221320 -0.00287097  0.00430861
     231      8.6284      6.0987      1.3776  0.01370220 -0.00047849  0.00071810
     232      8.6127      6.2499      1.3849  0.02645884 -0.00123372  0.00137299
     233      8.5726      6.5062      1.3989  0.04033977 -0.00188962  0.00203797
     234      8.5081      6.9188      1.4215  0.06337383 -0.00299202  0.00305184
     235      8.4280      7.4313      1.4495  0.05994905 -0.00286070  0.00269273
     236      8.3478      7.9438      1.4776  0.05652427 -0.00272939  0.00233362
     237      8.2676      8.4563      1.5056  0.05309948 -0.00259807  0.00197451
     238      8.1875      8.9688      1.5337  0.04967470 -0.00246675  0.00161540
     239      8.1073      9.4812      1.5618  0.04624992 -0.00233543  0.00125629
     240      8.0272      9.9937      1.5898  0.04282514 -0.00220411  0.00089718
     241      8.7509      0.5125      1.1940  0.11418500  0.00000000  0.00598418
     242      8.7509      1.1275      1.1976  0.02283700 -0.00079749  0.00119684
     243      8.7509      1.5375      1.2119  0.06851100 -0.00239247  0.00359051
     244      8.7509      2.1525      1.2334  0.06851100 -0.00239247  0.00359051
     245      8.7509      2.7675      1.2548  0.06851100 -0.00239247  0.00359051
     246      8.7509      3.3825      1.2763  0.06851100 -0.00239247  0.00359051
     247      8.7509      3.9975      1.2978  0.06851100 -0.00239247  0.00359051
     248      8.7509      4.6125      1.3193  0.06851100 -0.00239247  0.00359051
     249      8.7509      5.1763      1.3390  0.05709250 -0.00199373  0.00299209
     250      8.7509      5.7400      1.3586  0.06851100 -0.00239247  0.00359051
     251      8.7509      6.0987      1.3712  0.01141850 -0.00039875  0.00059842
     252      8.7341      6.2499      1.3786  0.02204903 -0.00104206  0.00114416
     253      8.6909      6.5062      1.3929  0.03361648 -0.00159652  0.00169830
     254      8.6215      6.9188      1.4160  0.05281152 -0.00252914  0.00254320
     255      8.5352      7.4313      1.4447  0.04995754 -0.00241971  0.00224394
     256      8.4489      7.9438      1.4734  0.04710355 -0.00231028  0.00194469
     257      8.3626      8.4563      1.5021  0.04424957 -0.00220085  0.00164543
     258      8.2763      8.9688      1.5308  0.04139559 -0.00209141  0.00134617
     259      8.1901      9.4812      1.5595  0.03854160 -0.00198198  0.00104691
     260      8.1038      9.9937      1.5882  0.03568762 -0.00187255  0.00074765
     261      8.8623      0.5125      1.1882  0.11418500  0.00000000  0.00598418
     262      8.8623      1.1275      1.1917  0.02283700 -0.00079749  0.00119684
     263      8.8623      1.5375      1.2061  0.06851100 -0.00239247  0.00359051
     264      8.8623      2.1525      1.2275  0.06851100 -0.00239247  0.00359051
     265      8.8623      2.7675      1.2490  0.06851100 -0.00239247  0.00359051
     266      8.8623      3.3825      1.2705  0.06851100 -0.00239247  0.00359051
     267      8.8623      3.9975      1.2920  0.06851100 -0.00239247  0.00359051
     268      8.8623      4.6125      1.3134  0.06851100 -0.00239247  0.00359051
     269      8.8623      5.1763      1.3331  0.05709250 -0.00199373  0.00299209
     270      8.8623      5.7400      1.3528  0.06851100 -0.00239247  0.00359051
     271      8.8623      6.0987      1.3653  0.01141850 -0.00039875  0.00059842
     272      8.8444      6.2499      1.3728  0.02204903 -0.00105475  0.00114416
     273      8.7985      6.5062      1.3875  0.03361648 -0.00161636  0.00169830
     274      8.7245      6.9188      1.4110  0.05281152 -0.00256168  0.00254320
     275      8.6327      7.4313      1.4403  0.04995754 -0.00245225  0.00224394
     276      8.5408      7.9438      1.4696  0.04710355 -0.00234282  0.00194469
     277      8.4490      8.4563      1.4989  0.04424957 -0.00223338  0.00164543
     278      8.3571      8.9688      1.5282  0.04139559 -0.00212395  0.00134617
     279      8.2653      9.4812      1.5575  0.03854160 -0.00201452  0.00104691
     280      8.1734      9.9937      1.5867  0.03568762 -0.00190508  0.00074765
